ARMATURETEXT
male_armature
{
  *action_ref
  {
    male_walk
  }

  *action_ref
  {
    stay
  }

  *bone
  {
    *name
    {
      root
    }

    *length
    {
      0.37002229046539264
    }

    *local_matrix
    {
      1.0 -1.532107773982716e-14 2.614237644138484e-07 2.2360628230165878e-33
      -2.8687812125838263e-09 -0.9999397993087769 0.010973623022437096 0.045352742075920105
      2.6140801878682396e-07 -0.010973623022437096 -0.9999397993087769 -1.0
      0.0 0.0 0.0 1.0
    }

  }

  *bone
  {
    *name
    {
      base
    }

    *length
    {
      0.3186711306562555
    }

    *parent
    {
      root
    }

    *local_matrix
    {
      -1.0 -6.505906924303417e-14 -1.1042796188576176e-07 -5.684341886080802e-14
      5.495603971894525e-14 -0.9999997615814209 8.940696716308594e-08 0.34743010997772217
      -1.1042796188576176e-07 8.940696716308594e-08 1.0 0.04273998737335205
      0.0 0.0 0.0 1.0
    }

  }

  *bone
  {
    *name
    {
      stomach
    }

    *length
    {
      0.2549933530904509
    }

    *parent
    {
      base
    }

    *local_matrix
    {
      -1.0 -1.0830815000417715e-07 1.522011956467395e-07 -7.757586483999115e-14
      1.6577746464463416e-07 -0.13898858428001404 0.9902937412261963 0.02875906229019165
      -8.610267343556188e-08 0.9902939796447754 0.13898861408233643 0.04274001717567444
      0.0 0.0 0.0 1.0
    }

  }

  *bone
  {
    *name
    {
      chest
    }

    *length
    {
      0.2242128936321768
    }

    *parent
    {
      stomach
    }

    *local_matrix
    {
      -1.0 -9.403591150203283e-08 1.564227574135657e-07 -2.7617936382284825e-08
      1.2790951586794108e-07 0.25027620792388916 0.9681742191314697 -0.006682101637125015
      -1.3019206335229683e-07 0.9681744575500488 -0.25027626752853394 0.29525840282440186
      0.0 0.0 0.0 1.0
    }

  }

  *bone
  {
    *name
    {
      neck
    }

    *length
    {
      0.1017220188895976
    }

    *parent
    {
      chest
    }

    *local_matrix
    {
      -1.0 -6.847348288374633e-08 -1.4039440543456294e-07 -4.8701998878186714e-08
      -9.251652954844758e-08 -0.4645494222640991 0.8855469226837158 0.04943305253982544
      -1.2585663000663772e-07 0.8855471611022949 0.46454954147338867 0.5123355984687805
      0.0 0.0 0.0 1.0
    }

  }

  *bone
  {
    *name
    {
      head
    }

    *length
    {
      0.20378673492910002
    }

    *parent
    {
      neck
    }

    *local_matrix
    {
      -1.0 -6.631304216853096e-08 1.5099581673894136e-07 -5.5667261023018e-08
      1.509957741063772e-07 -2.086162567138672e-07 0.9999997615814209 0.0021781474351882935
      -6.631299243053945e-08 1.0 2.086162567138672e-07 0.6024152636528015
      0.0 0.0 0.0 1.0
    }

  }

  *bone
  {
    *name
    {
      collar.l
    }

    *length
    {
      0.14051829151767412
    }

    *parent
    {
      chest
    }

    *local_matrix
    {
      -0.17013141512870789 0.9659258127212524 0.19504593312740326 0.04307107999920845
      -0.005313575267791748 0.19702939689159393 -0.980383038520813 0.07013915479183197
      -0.9854071736335754 -0.16783037781715393 -0.02838839590549469 0.47907429933547974
      0.0 0.0 0.0 1.0
    }

  }

  *bone
  {
    *name
    {
      upperarm.l
    }

    *length
    {
      0.2571196512048211
    }

    *parent
    {
      collar.l
    }

    *local_matrix
    {
      -0.6240154504776001 0.6891443729400635 0.3683546781539917 0.17880132794380188
      -0.6860349774360657 -0.2574721574783325 -0.6804879307746887 0.09782539308071136
      -0.37411341071128845 -0.6773392558097839 0.6334437727928162 0.4554910659790039
      0.0 0.0 0.0 1.0
    }

  }

  *bone
  {
    *name
    {
      lowerarm.l
    }

    *length
    {
      0.26589524760069433
    }

    *parent
    {
      upperarm.l
    }

    *local_matrix
    {
      -0.8290975689888 0.5386741757392883 0.1497592031955719 0.3559938967227936
      -0.5224806070327759 -0.6511271595954895 -0.5504972338676453 0.031624242663383484
      -0.19902636110782623 -0.5346622467041016 0.8212947845458984 0.2813338339328766
      0.0 0.0 0.0 1.0
    }

  }

  *bone
  {
    *name
    {
      palm.l
    }

    *length
    {
      0.12447235353500902
    }

    *parent
    {
      lowerarm.l
    }

    *local_matrix
    {
      -0.8485326766967773 0.4719487726688385 0.23928460478782654 0.49922478199005127
      -0.5289889574050903 -0.7675107717514038 -0.3620741367340088 -0.1415073722600937
      0.012773066759109497 -0.4338107407093048 0.9009137153625488 0.13916967809200287
      0.0 0.0 0.0 1.0
    }

  }

  *bone
  {
    *name
    {
      f2a.l
    }

    *length
    {
      0.03662401449278747
    }

    *parent
    {
      palm.l
    }

    *local_matrix
    {
      -0.8850524425506592 0.4454060196876526 0.13526323437690735 0.557969331741333
      -0.43706709146499634 -0.6951639652252197 -0.5707182884216309 -0.23704124987125397
      -0.16017121076583862 -0.5642347931861877 0.8099289536476135 0.08517223596572876
      0.0 0.0 0.0 1.0
    }

  }

  *bone
  {
    *name
    {
      f2b.l
    }

    *length
    {
      0.032209429299516916
    }

    *parent
    {
      f2a.l
    }

    *local_matrix
    {
      -0.894648015499115 0.43004414439201355 0.12110939621925354 0.5742818713188171
      -0.40401655435562134 -0.6630182266235352 -0.6302202343940735 -0.26250094175338745
      -0.19072476029396057 -0.6127554774284363 0.7669129967689514 0.06450769305229187
      0.0 0.0 0.0 1.0
    }

  }

  *bone
  {
    *name
    {
      f2c.l
    }

    *length
    {
      0.03389050693841958
    }

    *parent
    {
      f2b.l
    }

    *local_matrix
    {
      -0.9038789868354797 0.39411526918411255 0.16636259853839874 0.5881333351135254
      -0.40645676851272583 -0.6699334979057312 -0.6212745904922485 -0.2838563919067383
      -0.13340184092521667 -0.6291762590408325 0.7657296657562256 0.044771187007427216
      0.0 0.0 0.0 1.0
    }

  }

  *bone
  {
    *name
    {
      f3a.l
    }

    *length
    {
      0.03844780101079079
    }

    *parent
    {
      palm.l
    }

    *local_matrix
    {
      -0.9093841314315796 0.3759496808052063 0.17799684405326843 0.569912314414978
      -0.39837127923965454 -0.6640530228614807 -0.6327192783355713 -0.22002142667770386
      -0.11967124044895172 -0.6462937593460083 0.7536468505859375 0.0794229805469513
      0.0 0.0 0.0 1.0
    }

  }

  *bone
  {
    *name
    {
      f3b.l
    }

    *length
    {
      0.03024327543690683
    }

    *parent
    {
      f3a.l
    }

    *local_matrix
    {
      -0.8878753781318665 0.44343751668930054 0.1226416751742363 0.5843667387962341
      -0.4137747287750244 -0.6530625224113464 -0.6342709064483643 -0.24555280804634094
      -0.2011667937040329 -0.6138996481895447 0.7633213996887207 0.05457440763711929
      0.0 0.0 0.0 1.0
    }

  }

  *bone
  {
    *name
    {
      f3c.l
    }

    *length
    {
      0.028753704211055282
    }

    *parent
    {
      f3b.l
    }

    *local_matrix
    {
      -0.9038998484611511 0.3737824559211731 0.20797179639339447 0.5977777242660522
      -0.40629372000694275 -0.5982195734977722 -0.6906943321228027 -0.2653035521507263
      -0.13375653326511383 -0.7088161706924438 0.6925960779190063 0.036008071154356
      0.0 0.0 0.0 1.0
    }

  }

  *bone
  {
    *name
    {
      f4a.l
    }

    *length
    {
      0.027856262937788093
    }

    *parent
    {
      palm.l
    }

    *local_matrix
    {
      -0.8933684825897217 0.43151161074638367 0.12526369094848633 0.5753657221794128
      -0.4214557409286499 -0.7080817818641663 -0.5665642619132996 -0.1995522379875183
      -0.15578213334083557 -0.5589438676834106 0.8144410848617554 0.06885533034801483
      0.0 0.0 0.0 1.0
    }

  }

  *bone
  {
    *name
    {
      f4b.l
    }

    *length
    {
      0.022027612259076994
    }

    *parent
    {
      f4a.l
    }

    *local_matrix
    {
      -0.8939029574394226 0.4368393123149872 0.10054522752761841 0.5873860120773315
      -0.40092000365257263 -0.6788000464439392 -0.6152182221412659 -0.21927675604820251
      -0.20050141215324402 -0.5902561545372009 0.7819191217422485 0.05328524112701416
      0.0 0.0 0.0 1.0
    }

  }

  *bone
  {
    *name
    {
      f4c.l
    }

    *length
    {
      0.020886806924171636
    }

    *parent
    {
      f4b.l
    }

    *local_matrix
    {
      -0.8897632360458374 0.4245908856391907 0.1674642711877823 0.5970085263252258
      -0.42809420824050903 -0.6490892171859741 -0.6288230419158936 -0.23422910273075104
      -0.15829327702522278 -0.6311942338943481 0.7593008875846863 0.04028330743312836
      0.0 0.0 0.0 1.0
    }

  }

  *bone
  {
    *name
    {
      f1a.l
    }

    *length
    {
      0.03638961057358017
    }

    *parent
    {
      palm.l
    }

    *local_matrix
    {
      -0.8907580971717834 0.43810829520225525 0.12087808549404144 0.5390551090240479
      -0.4260839521884918 -0.7124903798103333 -0.5575031638145447 -0.2471003383398056
      -0.15812230110168457 -0.5481048226356506 0.8213275671005249 0.08985322713851929
      0.0 0.0 0.0 1.0
    }

  }

  *bone
  {
    *name
    {
      f1b.l
    }

    *length
    {
      0.03313650636386548
    }

    *parent
    {
      f1a.l
    }

    *local_matrix
    {
      -0.8828691840171814 0.4570620059967041 0.10787376016378403 0.5549976825714111
      -0.4212036728858948 -0.6690946221351624 -0.6122905611991882 -0.27302759885787964
      -0.20767700672149658 -0.5860094428062439 0.7832393646240234 0.06990790367126465
      0.0 0.0 0.0 1.0
    }

  }

  *bone
  {
    *name
    {
      f1c.l
    }

    *length
    {
      0.02458998848299412
    }

    *parent
    {
      f1b.l
    }

    *local_matrix
    {
      -0.9003738164901733 0.3845709562301636 0.20354998111724854 0.5701431035995483
      -0.406174898147583 -0.5750819444656372 -0.7101426124572754 -0.29519906640052795
      -0.15604227781295776 -0.7220709323883057 0.6739919185638428 0.05048959702253342
      0.0 0.0 0.0 1.0
    }

  }

  *bone
  {
    *name
    {
      ta.l
    }

    *length
    {
      0.03311456865056085
    }

    *parent
    {
      palm.l
    }

    *local_matrix
    {
      -0.9466967582702637 -0.28558093309402466 0.14902764558792114 0.4979018568992615
      0.2522822618484497 -0.9449808597564697 -0.20824205875396729 -0.19029784202575684
      0.2002982199192047 -0.15954509377479553 0.9666574001312256 0.1219874694943428
      0.0 0.0 0.0 1.0
    }

  }

  *bone
  {
    *name
    {
      tb.l
    }

    *length
    {
      0.035723951132469386
    }

    *parent
    {
      ta.l
    }

    *local_matrix
    {
      -0.9662767052650452 -0.1995212882757187 0.16279155015945435 0.4884449541568756
      0.1235777884721756 -0.913925051689148 -0.3866127133369446 -0.22159047424793243
      0.22591671347618103 -0.3534574508666992 0.9077610373497009 0.11670420318841934
      0.0 0.0 0.0 1.0
    }

  }

  *bone
  {
    *name
    {
      tc.l
    }

    *length
    {
      0.04833242808492684
    }

    *parent
    {
      tb.l
    }

    *local_matrix
    {
      -0.9964684247970581 -0.06630071252584457 -0.05152849853038788 0.4813172519207001
      0.07946708798408508 -0.9428504109382629 -0.32360154390335083 -0.2542394995689392
      -0.027128711342811584 -0.3265535235404968 0.9447896480560303 0.1040773093700409
      0.0 0.0 0.0 1.0
    }

  }

  *bone
  {
    *name
    {
      collar.r
    }

    *length
    {
      0.14051826759557354
    }

    *parent
    {
      chest
    }

    *local_matrix
    {
      -0.17013126611709595 -0.9659257531166077 0.19504602253437042 -0.04307116940617561
      -0.9720202088356018 0.1970292031764984 0.12789052724838257 0.07013915479183197
      -0.1619625687599182 -0.1678304672241211 -0.9724202752113342 0.47907429933547974
      0.0 0.0 0.0 1.0
    }

  }

  *bone
  {
    *name
    {
      upperarm.r
    }

    *length
    {
      0.2571196729376416
    }

    *parent
    {
      collar.r
    }

    *local_matrix
    {
      -0.6240152716636658 -0.6891440749168396 0.368354856967926 -0.17880137264728546
      -0.26429975032806396 -0.2574722468852997 -0.9294371604919434 0.09782535582780838
      0.7353574633598328 -0.6773391366004944 -0.021474070847034454 0.4554910659790039
      0.0 0.0 0.0 1.0
    }

  }

  *bone
  {
    *name
    {
      lowerarm.r
    }

    *length
    {
      0.26589523107283763
    }

    *parent
    {
      upperarm.r
    }

    *local_matrix
    {
      -0.8290975093841553 -0.5386736392974854 0.14975997805595398 -0.3559938669204712
      0.2968750596046448 -0.6511274576187134 -0.69849693775177 0.03162417560815811
      0.47377490997314453 -0.5346621870994568 0.699766993522644 0.2813338339328766
      0.0 0.0 0.0 1.0
    }

  }

  *bone
  {
    *name
    {
      palm.r
    }

    *length
    {
      0.12447235438259792
    }

    *parent
    {
      lowerarm.r
    }

    *local_matrix
    {
      -0.8485327363014221 -0.4719482362270355 0.23928464949131012 -0.49922460317611694
      0.2618876099586487 -0.7675110101699829 -0.5850995779037476 -0.14150750637054443
      0.45979049801826477 -0.43381059169769287 0.7748557329177856 0.13916970789432526
      0.0 0.0 0.0 1.0
    }

  }

  *bone
  {
    *name
    {
      f2a.r
    }

    *length
    {
      0.03662402051291923
    }

    *parent
    {
      palm.r
    }

    *local_matrix
    {
      -0.8850524425506592 -0.4454054534435272 0.13526329398155212 -0.5579690933227539
      0.24665066599845886 -0.6951642036437988 -0.6752110123634338 -0.2370414137840271
      0.394773006439209 -0.5642344951629639 0.725116491317749 0.08517228066921234
      0.0 0.0 0.0 1.0
    }

  }

  *bone
  {
    *name
    {
      f2b.r
    }

    *length
    {
      0.03220943480422451
    }

    *parent
    {
      f2a.r
    }

    *local_matrix
    {
      -0.8946478366851807 -0.4300435483455658 0.12111052125692368 -0.574281632900238
      0.22191810607910156 -0.6630184054374695 -0.714953601360321 -0.2625011205673218
      0.38775986433029175 -0.6127551198005676 0.6886026263237 0.06450774520635605
      0.0 0.0 0.0 1.0
    }

  }

  *bone
  {
    *name
    {
      f2c.r
    }

    *length
    {
      0.03389050704496532
    }

    *parent
    {
      f2b.r
    }

    *local_matrix
    {
      -0.9038787484169006 -0.39411455392837524 0.16636404395103455 -0.5881330966949463
      0.15861693024635315 -0.6699336767196655 -0.7252787351608276 -0.2838565707206726
      0.3972959518432617 -0.6291759014129639 0.6680521965026855 0.04477125033736229
      0.0 0.0 0.0 1.0
    }

  }

  *bone
  {
    *name
    {
      f3a.r
    }

    *length
    {
      0.0384478111980971
    }

    *parent
    {
      palm.r
    }

    *local_matrix
    {
      -0.9093838334083557 -0.3759491741657257 0.17799803614616394 -0.5699120759963989
      0.13042281568050385 -0.6640533804893494 -0.736221969127655 -0.22002160549163818
      0.3949824273586273 -0.6462934613227844 0.652911901473999 0.07942301779985428
      0.0 0.0 0.0 1.0
    }

  }

  *bone
  {
    *name
    {
      f3b.r
    }

    *length
    {
      0.030243277309316842
    }

    *parent
    {
      f3a.r
    }

    *local_matrix
    {
      -0.8878753781318665 -0.44343695044517517 0.12264171242713928 -0.584366500377655
      0.2263386845588684 -0.6530628800392151 -0.7226889729499817 -0.24555300176143646
      0.4005599021911621 -0.6138993501663208 0.6802055835723877 0.054574448615312576
      0.0 0.0 0.0 1.0
    }

  }

  *bone
  {
    *name
    {
      f3c.r
    }

    *length
    {
      0.028753704468053278
    }

    *parent
    {
      f3b.r
    }

    *local_matrix
    {
      -0.9038999080657959 -0.37378180027008057 0.20797154307365417 -0.5977774858474731
      0.06358576565980911 -0.5982199311256409 -0.7988049983978271 -0.26530376076698303
      0.42299169301986694 -0.70881587266922 0.5644983053207397 0.03600811958312988
      0.0 0.0 0.0 1.0
    }

  }

  *bone
  {
    *name
    {
      f4a.r
    }

    *length
    {
      0.027856265990944165
    }

    *parent
    {
      palm.r
    }

    *local_matrix
    {
      -0.8933683037757874 -0.43151116371154785 0.12526485323905945 -0.5753655433654785
      0.24938435852527618 -0.7080820202827454 -0.660626232624054 -0.19955241680145264
      0.37376558780670166 -0.5589436292648315 0.7401901483535767 0.06885537505149841
      0.0 0.0 0.0 1.0
    }

  }

  *bone
  {
    *name
    {
      f4b.r
    }

    *length
    {
      0.022027610352241097
    }

    *parent
    {
      f4a.r
    }

    *local_matrix
    {
      -0.8939028978347778 -0.43683889508247375 0.10054601728916168 -0.5873858332633972
      0.25423264503479004 -0.6788002252578735 -0.688909113407135 -0.21927693486213684
      0.3691931366920471 -0.590255856513977 0.7178401947021484 0.05328529328107834
      0.0 0.0 0.0 1.0
    }

  }

  *bone
  {
    *name
    {
      f4c.r
    }

    *length
    {
      0.020886802815728685
    }

    *parent
    {
      f4b.r
    }

    *local_matrix
    {
      -0.8897634744644165 -0.42459049820899963 0.16746345162391663 -0.5970083475112915
      0.1701970398426056 -0.6490893959999084 -0.7414281368255615 -0.23422928154468536
      0.4235023260116577 -0.6311939358711243 0.6497999429702759 0.04028336703777313
      0.0 0.0 0.0 1.0
    }

  }

  *bone
  {
    *name
    {
      f1a.r
    }

    *length
    {
      0.03638961860100784
    }

    *parent
    {
      palm.r
    }

    *local_matrix
    {
      -0.8907580971717834 -0.4381076991558075 0.12087845057249069 -0.5390548706054688
      0.2621013820171356 -0.7124906778335571 -0.6508914828300476 -0.24710048735141754
      0.37128549814224243 -0.5481046438217163 0.7494856119155884 0.08985328674316406
      0.0 0.0 0.0 1.0
    }

  }

  *bone
  {
    *name
    {
      f1b.r
    }

    *length
    {
      0.0331364993904198
    }

    *parent
    {
      f1a.r
    }

    *local_matrix
    {
      -0.8828690648078918 -0.45706140995025635 0.10787499696016312 -0.554997444152832
      0.261385977268219 -0.6690949201583862 -0.69569331407547 -0.2730277478694916
      0.39015331864356995 -0.5860092639923096 0.7101927995681763 0.06990796327590942
      0.0 0.0 0.0 1.0
    }

  }

  *bone
  {
    *name
    {
      f1c.r
    }

    *length
    {
      0.024589988471435877
    }

    *parent
    {
      f1b.r
    }

    *local_matrix
    {
      -0.9003738164901733 -0.38457027077674866 0.20355020463466644 -0.5701428651809692
      0.061199843883514404 -0.5750823616981506 -0.8158031702041626 -0.2951992154121399
      0.4307919442653656 -0.7220706939697266 0.5413248538970947 0.05048966407775879
      0.0 0.0 0.0 1.0
    }

  }

  *bone
  {
    *name
    {
      ta.r
    }

    *length
    {
      0.03311457378653281
    }

    *parent
    {
      palm.r
    }

    *local_matrix
    {
      -0.9466965198516846 0.2855816185474396 0.1490267664194107 -0.49790164828300476
      -0.3040584623813629 -0.9449807405471802 -0.12066376209259033 -0.19029797613620758
      0.10636818408966064 -0.1595449149608612 0.9814437627792358 0.12198750674724579
      0.0 0.0 0.0 1.0
    }

  }

  *bone
  {
    *name
    {
      tb.r
    }

    *length
    {
      0.0357239481919592
    }

    *parent
    {
      ta.r
    }

    *local_matrix
    {
      -0.9662765264511108 0.199522003531456 0.16279101371765137 -0.4884447455406189
      -0.24342887103557587 -0.913925051689148 -0.3247819244861603 -0.22159060835838318
      0.08397775888442993 -0.35345733165740967 0.9316739439964294 0.11670424789190292
      0.0 0.0 0.0 1.0
    }

  }

  *bone
  {
    *name
    {
      tc.r
    }

    *length
    {
      0.048332427794137905
    }

    *parent
    {
      tb.r
    }

    *local_matrix
    {
      -0.9964683055877686 0.06630146503448486 -0.0515294224023819 -0.48131704330444336
      -0.04566510021686554 -0.9428504109382629 -0.3300721347332001 -0.25423961877822876
      -0.07046873867511749 -0.32655346393585205 0.9425485134124756 0.10407735407352448
      0.0 0.0 0.0 1.0
    }

  }

  *bone
  {
    *name
    {
      pelvis
    }

    *length
    {
      0.24857342018903764
    }

    *parent
    {
      base
    }

    *local_matrix
    {
      -1.0 1.1042794767490705e-07 -1.5099581673894136e-07 -7.757586483999115e-14
      1.5099574568466778e-07 -1.6490484711084719e-07 -0.9999997615814209 0.02875906229019165
      -1.1042797609661648e-07 -1.0 1.649048613217019e-07 0.04274001717567444
      0.0 0.0 0.0 1.0
    }

  }

  *bone
  {
    *name
    {
      thigh.l
    }

    *length
    {
      0.3484620658544875
    }

    *parent
    {
      pelvis
    }

    *local_matrix
    {
      -0.9996459484100342 0.026526745408773422 0.0020765154622495174 0.08860012888908386
      -0.0012872850056737661 0.02973567135632038 -0.9995567202568054 0.0042528510093688965
      -0.02657674066722393 -0.9992057681083679 -0.029691005125641823 -0.1416223645210266
      0.0 0.0 0.0 1.0
    }

  }

  *bone
  {
    *name
    {
      lowerleg.l
    }

    *length
    {
      0.3869904258712815
    }

    *parent
    {
      thigh.l
    }

    *local_matrix
    {
      -0.9997276067733765 0.018571320921182632 0.01413392461836338 0.09784369170665741
      -0.012325990945100784 0.09409790486097336 -0.9954863786697388 0.014614604413509369
      -0.019817473366856575 -0.9953897595405579 -0.09384339302778244 -0.489807665348053
      0.0 0.0 0.0 1.0
    }

  }

  *bone
  {
    *name
    {
      foot.l
    }

    *length
    {
      0.1503864679570205
    }

    *parent
    {
      lowerleg.l
    }

    *local_matrix
    {
      -1.0 5.494803190231323e-08 -1.51805579662323e-07 0.1050306186079979
      1.0244548320770264e-08 -0.8342189788818359 -0.5514329075813293 0.051029592752456665
      -1.5541445463895798e-07 -0.5514330267906189 0.8342193365097046 -0.8750139474868774
      0.0 0.0 0.0 1.0
    }

  }

  *bone
  {
    *name
    {
      toe.l
    }

    *length
    {
      0.11513803787058216
    }

    *parent
    {
      foot.l
    }

    *local_matrix
    {
      -1.0 4.755637661446599e-08 -1.5099583094979607e-07 0.10503062605857849
      -6.389946349827369e-08 -0.997267484664917 -0.07387158274650574 -0.07442565262317657
      -1.5257151630976296e-07 -0.07387155294418335 0.9972679615020752 -0.957942008972168
      0.0 0.0 0.0 1.0
    }

  }

  *bone
  {
    *name
    {
      thigh.r
    }

    *length
    {
      0.34846206575008654
    }

    *parent
    {
      pelvis
    }

    *local_matrix
    {
      -0.999646008014679 -0.026526521891355515 0.0020767024252563715 -0.08860008418560028
      -0.0028655491769313812 0.029735667631030083 -0.9995535016059875 0.004252852872014046
      0.0264529287815094 -0.9992057681083679 -0.02980116382241249 -0.141622394323349
      0.0 0.0 0.0 1.0
    }

  }

  *bone
  {
    *name
    {
      lowerleg.r
    }

    *length
    {
      0.38699042596528843
    }

    *parent
    {
      thigh.r
    }

    *local_matrix
    {
      -0.9997277855873108 -0.01857108809053898 0.014134068042039871 -0.09784357249736786
      -0.015821360051631927 0.09409791231155396 -0.99543696641922 0.014614605344831944
      0.017156364396214485 -0.9953897595405579 -0.09436613321304321 -0.48980769515037537
      0.0 0.0 0.0 1.0
    }

  }

  *bone
  {
    *name
    {
      foot.r
    }

    *length
    {
      0.15038645195325023
    }

    *parent
    {
      lowerleg.r
    }

    *local_matrix
    {
      -1.0000001192092896 4.7497451305389404e-08 -1.5273690223693848e-07 -0.10503040254116058
      6.891787052154541e-08 -0.8342189788818359 -0.5514328479766846 0.051029596477746964
      -1.5320256352424622e-07 -0.5514329671859741 0.8342192769050598 -0.8750140070915222
      0.0 0.0 0.0 1.0
    }

  }

  *bone
  {
    *name
    {
      toe.r
    }

    *length
    {
      0.11513803787058216
    }

    *parent
    {
      foot.r
    }

    *local_matrix
    {
      -1.0000001192092896 4.0599665851459577e-08 -1.5099581673894136e-07 -0.10503039509057999
      -5.017422921582693e-09 -0.997267484664917 -0.07387155294418335 -0.07442563772201538
      -1.5317726820285316e-07 -0.07387152314186096 0.9972678422927856 -0.9579420685768127
      0.0 0.0 0.0 1.0
    }

  }

  *bone
  {
    *name
    {
      ik-leg.l
    }

    *length
    {
      0.15913018747067342
    }

    *parent
    {
      root
    }

    *local_matrix
    {
      -1.0 -3.8046721329010325e-08 -1.6652975887154753e-07 0.10503051429986954
      1.3956807265458337e-07 0.38011234998703003 -0.9249403476715088 0.05102963373064995
      9.849091497926565e-08 -0.9249405860900879 -0.38011226058006287 -0.8750138878822327
      0.0 0.0 0.0 1.0
    }

  }

  *bone
  {
    *name
    {
      knee.l
    }

    *length
    {
      0.1503864595839584
    }

    *parent
    {
      ik-leg.l
    }

    *local_matrix
    {
      -1.0 1.305892283198773e-09 -1.5099581673894136e-07 0.10503052920103073
      -5.758025167779124e-09 -0.9995651245117188 0.029488831758499146 -0.37406277656555176
      -1.508917080172978e-07 0.02948901057243347 0.9995653629302979 -0.5033485889434814
      0.0 0.0 0.0 1.0
    }

  }

  *bone
  {
    *name
    {
      ik-leg.r
    }

    *length
    {
      0.15913018747067342
    }

    *parent
    {
      root
    }

    *local_matrix
    {
      -1.0 -3.8046692907300894e-08 7.188881312458761e-08 -0.10503049939870834
      -8.09548836855356e-08 0.38011234998703003 -0.9249403476715088 0.05102963373064995
      7.86502596383798e-09 -0.9249405860900879 -0.38011226058006287 -0.8750139474868774
      0.0 0.0 0.0 1.0
    }

  }

  *bone
  {
    *name
    {
      knee.r
    }

    *length
    {
      0.1503864595839584
    }

    *parent
    {
      ik-leg.r
    }

    *local_matrix
    {
      -1.0 -5.67572655540971e-08 1.5099583094979607e-07 -0.10503049939870834
      6.118528972365311e-08 -0.9995651245117188 0.029488831758499146 -0.37406277656555176
      1.4925640812180063e-07 0.02948901057243347 0.9995653629302979 -0.5033486485481262
      0.0 0.0 0.0 1.0
    }

  }

  *bone
  {
    *name
    {
      ik-head
    }

    *length
    {
      0.1966402375771754
    }

    *parent
    {
      root
    }

    *local_matrix
    {
      -1.0 -6.795453089125658e-12 1.2734255960822338e-07 2.4905659756768728e-09
      -1.306190933192397e-09 0.9999479651451111 -0.010203933343291283 0.002178102731704712
      -1.2733576681966952e-07 -0.010203933343291283 -0.9999479651451111 0.8062020540237427
      0.0 0.0 0.0 1.0
    }

  }

  *bone
  {
    *name
    {
      neck_control
    }

    *length
    {
      0.18628390817071733
    }

    *parent
    {
      ik-head
    }

    *local_matrix
    {
      1.0 -7.568408122438086e-10 2.1435252506307734e-07 -5.155532889489223e-09
      -5.428911098448452e-09 -0.9997623562812805 0.02179703488945961 -0.31176677346229553
      2.1428503771403484e-07 -0.02179703116416931 -0.9997624754905701 0.5914351940155029
      0.0 0.0 0.0 1.0
    }

  }

  *bone
  {
    *name
    {
      ik-palm.l
    }

    *length
    {
      0.157832954752415
    }

    *parent
    {
      root
    }

    *local_matrix
    {
      -0.8100018501281738 -0.5847195982933044 -0.04472287744283676 0.5579692125320435
      -0.2935599386692047 0.470318078994751 -0.832240104675293 -0.23704148828983307
      0.5076611638069153 -0.6609870791435242 -0.5526086688041687 0.08517229557037354
      0.0 0.0 0.0 1.0
    }

  }

  *bone
  {
    *name
    {
      palm-control.l
    }

    *length
    {
      0.1503864526169872
    }

    *parent
    {
      ik-palm.l
    }

    *local_matrix
    {
      -1.0 4.470348358154297e-08 -2.0302832126617432e-07 0.5383778214454651
      -3.3527612686157227e-08 -0.9995651245117188 0.029488444328308105 -0.5474018454551697
      -2.60770320892334e-08 0.02948850393295288 0.9995651245117188 0.08947013318538666
      0.0 0.0 0.0 1.0
    }

  }

  *bone
  {
    *name
    {
      ik-palm.r
    }

    *length
    {
      0.15783299900754752
    }

    *parent
    {
      root
    }

    *local_matrix
    {
      -0.8100020885467529 0.5847194194793701 0.044722773134708405 -0.5579692125320435
      0.2935599088668823 0.47031792998313904 -0.8322404026985168 -0.23704148828983307
      -0.5076608061790466 -0.6609874367713928 -0.5526084303855896 0.08517229557037354
      0.0 0.0 0.0 1.0
    }

  }

  *bone
  {
    *name
    {
      palm-control.r
    }

    *length
    {
      0.1503864526169872
    }

    *parent
    {
      ik-palm.r
    }

    *local_matrix
    {
      -1.0 3.3527612686157227e-08 1.1362135410308838e-07 -0.5383778214454651
      1.4528632164001465e-07 -0.9995653033256531 0.029488742351531982 -0.5474018454551697
      6.146728992462158e-08 0.02948877215385437 0.9995651245117188 0.08947017788887024
      0.0 0.0 0.0 1.0
    }

  }

}

