ARMATURETEXT
male_armature_2
{
  *action_ref
  {
    run
  }

  *bone
  {
    *name
    {
      root
    }

    *length
    {
      0.37002229046539264
    }

    *local_matrix
    {
      1.0 -1.532107773982716e-14 2.614237644138484e-07 2.2360628230165878e-33
      -2.8687812125838263e-09 -0.9999397993087769 0.010973623022437096 0.045352742075920105
      2.6140801878682396e-07 -0.010973623022437096 -0.9999397993087769 -1.0
      0.0 0.0 0.0 1.0
    }

  }

  *bone
  {
    *name
    {
      base
    }

    *length
    {
      0.3186711306562555
    }

    *parent
    {
      root
    }

    *local_matrix
    {
      -1.0 -6.505906924303417e-14 -1.1042796188576176e-07 -5.684341886080802e-14
      5.495603971894525e-14 -0.9999997615814209 8.940696716308594e-08 0.34743010997772217
      -1.1042796188576176e-07 8.940696716308594e-08 1.0 0.04273998737335205
      0.0 0.0 0.0 1.0
    }

  }

  *bone
  {
    *name
    {
      stomach
    }

    *length
    {
      0.2549933530904509
    }

    *parent
    {
      base
    }

    *local_matrix
    {
      -1.0 -1.0830815000417715e-07 1.522011956467395e-07 -7.757586483999115e-14
      1.6577746464463416e-07 -0.13898858428001404 0.9902937412261963 0.02875906229019165
      -8.610267343556188e-08 0.9902939796447754 0.13898861408233643 0.04274001717567444
      0.0 0.0 0.0 1.0
    }

  }

  *bone
  {
    *name
    {
      chest
    }

    *length
    {
      0.2242128936321768
    }

    *parent
    {
      stomach
    }

    *local_matrix
    {
      -1.0 -9.403591150203283e-08 1.564227574135657e-07 -2.7617936382284825e-08
      1.2790951586794108e-07 0.25027620792388916 0.9681742191314697 -0.006682101637125015
      -1.3019206335229683e-07 0.9681744575500488 -0.25027626752853394 0.29525840282440186
      0.0 0.0 0.0 1.0
    }

  }

  *bone
  {
    *name
    {
      neck
    }

    *length
    {
      0.09822379417845048
    }

    *parent
    {
      chest
    }

    *local_matrix
    {
      -1.0 -6.695820076174641e-08 -1.3978034019146435e-07 -4.8701998878186714e-08
      -9.032782344320367e-08 -0.4810943007469177 0.8766685724258423 0.04943305253982544
      -1.2594770737450744e-07 0.8766687512397766 0.4810943603515625 0.5123355984687805
      0.0 0.0 0.0 1.0
    }

  }

  *bone
  {
    *name
    {
      head
    }

    *length
    {
      0.29112542084544385
    }

    *parent
    {
      neck
    }

    *local_matrix
    {
      -1.0 -6.451993783684884e-08 1.5099583094979607e-07 -5.5278889021792565e-08
      1.5099581673894136e-07 -5.662441253662109e-07 0.9999997615814209 0.0021781474351882935
      -6.451987388800262e-08 0.9999999403953552 5.364418029785156e-07 0.5984452962875366
      0.0 0.0 0.0 1.0
    }

  }

  *bone
  {
    *name
    {
      collar.l
    }

    *length
    {
      0.21442279596020702
    }

    *parent
    {
      chest
    }

    *local_matrix
    {
      0.09619036316871643 0.9650158882141113 -0.2439090609550476 0.042116597294807434
      0.9867779016494751 -0.06033894419670105 0.15042683482170105 0.07069633901119232
      0.13044710457324982 -0.25515374541282654 -0.9580605626106262 0.5138078331947327
      0.0 0.0 0.0 1.0
    }

  }

  *bone
  {
    *name
    {
      upperarm.l
    }

    *length
    {
      0.23210194601257564
    }

    *parent
    {
      collar.l
    }

    *local_matrix
    {
      -0.6708544492721558 0.6822105050086975 -0.2907630503177643 0.2490379959344864
      0.2895160913467407 -0.12003659456968307 -0.9496163129806519 0.05775829404592514
      -0.6827405095100403 -0.7212350368499756 -0.11698386073112488 0.4590970575809479
      0.0 0.0 0.0 1.0
    }

  }

  *bone
  {
    *name
    {
      lowerarm.l
    }

    *length
    {
      0.25297137429182814
    }

    *parent
    {
      upperarm.l
    }

    *local_matrix
    {
      -0.6604233980178833 0.7263476252555847 0.19042111933231354 0.4073804020881653
      -0.45790034532546997 -0.18858136236667633 -0.868771493434906 0.029897566884756088
      -0.5951203107833862 -0.6609509587287903 0.4571383595466614 0.2916969954967499
      0.0 0.0 0.0 1.0
    }

  }

  *bone
  {
    *name
    {
      palm.l
    }

    *length
    {
      0.12765484885839778
    }

    *parent
    {
      lowerarm.l
    }

    *local_matrix
    {
      -0.7612205147743225 0.5909540057182312 0.2670518159866333 0.5911255478858948
      -0.4729355573654175 -0.22412866353988647 -0.8521137237548828 -0.01780811697244644
      -0.44370609521865845 -0.7749449014663696 0.4500945508480072 0.12449534237384796
      0.0 0.0 0.0 1.0
    }

  }

  *bone
  {
    *name
    {
      collar.r
    }

    *length
    {
      0.21442277824200273
    }

    *parent
    {
      chest
    }

    *local_matrix
    {
      0.09619052708148956 -0.9650158882141113 0.2439092993736267 -0.042116694152355194
      -0.9867778420448303 -0.06033904105424881 0.15042683482170105 0.07069633901119232
      -0.13044708967208862 -0.25515392422676086 -0.9580605626106262 0.5138078331947327
      0.0 0.0 0.0 1.0
    }

  }

  *bone
  {
    *name
    {
      upperarm.r
    }

    *length
    {
      0.23210194601257564
    }

    *parent
    {
      collar.r
    }

    *local_matrix
    {
      -0.6708545684814453 -0.6822103261947632 0.290763258934021 -0.24903807044029236
      -0.2895161509513855 -0.12003666907548904 -0.9496161937713623 0.05775827541947365
      0.6827403903007507 -0.7212351560592651 -0.1169838160276413 0.4590970277786255
      0.0 0.0 0.0 1.0
    }

  }

  *bone
  {
    *name
    {
      lowerarm.r
    }

    *length
    {
      0.25297137429182814
    }

    *parent
    {
      upperarm.r
    }

    *local_matrix
    {
      -0.6604235172271729 -0.7263474464416504 -0.1904211938381195 -0.4073804020881653
      0.45790034532546997 -0.1885814368724823 -0.8687713146209717 0.029897531494498253
      0.5951201319694519 -0.6609510779380798 0.45713841915130615 0.2916969656944275
      0.0 0.0 0.0 1.0
    }

  }

  *bone
  {
    *name
    {
      palm.r
    }

    *length
    {
      0.12765484885839778
    }

    *parent
    {
      lowerarm.r
    }

    *local_matrix
    {
      -0.7612206339836121 -0.5909538269042969 -0.2670517861843109 -0.59112548828125
      0.47293537855148315 -0.22412876784801483 -0.8521136045455933 -0.01780817098915577
      0.4437059462070465 -0.7749450206756592 0.4500945210456848 0.12449528276920319
      0.0 0.0 0.0 1.0
    }

  }

  *bone
  {
    *name
    {
      pelvis
    }

    *length
    {
      0.24857342018903764
    }

    *parent
    {
      base
    }

    *local_matrix
    {
      -1.0 1.1042794767490705e-07 -1.5099581673894136e-07 -7.757586483999115e-14
      1.5099574568466778e-07 -1.6490484711084719e-07 -0.9999997615814209 0.02875906229019165
      -1.1042797609661648e-07 -1.0 1.649048613217019e-07 0.04274001717567444
      0.0 0.0 0.0 1.0
    }

  }

  *bone
  {
    *name
    {
      thigh.l
    }

    *length
    {
      0.4685029815706703
    }

    *parent
    {
      pelvis
    }

    *local_matrix
    {
      -0.98855060338974 0.1508888304233551 -0.0006390758790075779 0.08860012143850327
      -0.011312865652143955 -0.07833842933177948 -0.9968624114990234 0.005631353706121445
      -0.1504654884338379 -0.9854418635368347 0.07914850115776062 -0.07062996923923492
      0.0 0.0 0.0 1.0
    }

  }

  *bone
  {
    *name
    {
      lowerleg.l
    }

    *length
    {
      0.4042164280086845
    }

    *parent
    {
      thigh.l
    }

    *local_matrix
    {
      -0.994741678237915 0.10161052644252777 -0.012830247171223164 0.15929198265075684
      0.030991526320576668 0.1792370080947876 -0.9833174347877502 -0.03107043355703354
      -0.09761576354503632 -0.9785445928573608 -0.18144363164901733 -0.5323123931884766
      0.0 0.0 0.0 1.0
    }

  }

  *bone
  {
    *name
    {
      foot.l
    }

    *length
    {
      0.12040419050473558
    }

    *parent
    {
      lowerleg.l
    }

    *local_matrix
    {
      -1.000000238418579 4.377216100692749e-08 1.8998980522155762e-07 0.2003646194934845
      -1.30385160446167e-07 -0.9102884531021118 -0.41397398710250854 0.04138011485338211
      1.5227124094963074e-07 -0.4139741361141205 0.9102887511253357 -0.9278562068939209
      0.0 0.0 0.0 1.0
    }

  }

  *bone
  {
    *name
    {
      toe.l
    }

    *length
    {
      0.11627933348737393
    }

    *parent
    {
      foot.l
    }

    *local_matrix
    {
      -1.000000238418579 5.3626813212304114e-08 1.5099578831723193e-07 0.2003646194934845
      -8.247238980629845e-08 -0.9934068918228149 -0.11463958024978638 -0.06822243332862854
      1.4129875580692897e-07 -0.11463963985443115 0.9934072494506836 -0.977700412273407
      0.0 0.0 0.0 1.0
    }

  }

  *bone
  {
    *name
    {
      thigh.r
    }

    *length
    {
      0.4685029785888667
    }

    *parent
    {
      pelvis
    }

    *local_matrix
    {
      -0.9885507225990295 -0.15088854730129242 0.0006390749476850033 -0.08860009163618088
      0.011312851682305336 -0.07833842933177948 -0.9968624114990234 0.005631353706121445
      0.1504652202129364 -0.9854418635368347 0.07914850115776062 -0.07062998414039612
      0.0 0.0 0.0 1.0
    }

  }

  *bone
  {
    *name
    {
      lowerleg.r
    }

    *length
    {
      0.4042164280086845
    }

    *parent
    {
      thigh.r
    }

    *local_matrix
    {
      -0.9947417974472046 -0.10161023586988449 0.012830257415771484 -0.1592918336391449
      -0.03099147602915764 0.1792370080947876 -0.9833174347877502 -0.03107043355703354
      0.09761551022529602 -0.9785445928573608 -0.18144360184669495 -0.5323123931884766
      0.0 0.0 0.0 1.0
    }

  }

  *bone
  {
    *name
    {
      foot.r
    }

    *length
    {
      0.12040419050473558
    }

    *parent
    {
      lowerleg.r
    }

    *local_matrix
    {
      -1.0000003576278687 3.5390257835388184e-08 -1.7997808754444122e-07 -0.2003643661737442
      5.494803190231323e-08 -0.9102884531021118 -0.41397398710250854 0.04138011485338211
      -1.3597309589385986e-07 -0.4139741063117981 0.9102887511253357 -0.9278562068939209
      0.0 0.0 0.0 1.0
    }

  }

  *bone
  {
    *name
    {
      toe.r
    }

    *length
    {
      0.11627933348737393
    }

    *parent
    {
      foot.r
    }

    *local_matrix
    {
      -1.0000003576278687 2.4788121777419292e-08 -1.5099578831723193e-07 -0.2003643661737442
      5.3425495138981205e-09 -0.9934068918228149 -0.11463958024978638 -0.06822243332862854
      -1.1033242941493882e-07 -0.11463961005210876 0.9934072494506836 -0.977700412273407
      0.0 0.0 0.0 1.0
    }

  }

  *bone
  {
    *name
    {
      ik-leg.l
    }

    *length
    {
      0.09581754617473018
    }

    *parent
    {
      root
    }

    *local_matrix
    {
      -1.0 4.11053662219274e-08 -2.58175873568689e-07 0.20036451518535614
      2.1972707031636673e-07 0.6672430634498596 -0.7448402047157288 0.041380174458026886
      1.4164911021907756e-07 -0.7448403835296631 -0.6672428846359253 -0.9278564453125
      0.0 0.0 0.0 1.0
    }

  }

  *bone
  {
    *name
    {
      knee.l
    }

    *length
    {
      0.1503864572616345
    }

    *parent
    {
      ik-leg.l
    }

    *local_matrix
    {
      -1.0 -1.1636858232577652e-07 -1.5099583094979607e-07 0.16647875308990479
      1.1186530457507615e-07 -0.9995652437210083 0.029488980770111084 -0.37356844544410706
      -1.5436174294336524e-07 0.02948927879333496 0.9995652437210083 -0.50105220079422
      0.0 0.0 0.0 1.0
    }

  }

  *bone
  {
    *name
    {
      ik-leg.r
    }

    *length
    {
      0.09581754617473018
    }

    *parent
    {
      root
    }

    *local_matrix
    {
      -1.0 4.1105437276200973e-08 2.1866128463443602e-07 -0.20036451518535614
      -1.354403877940058e-07 0.6672430634498596 -0.7448402047157288 0.041380174458026886
      -1.7651711914368207e-07 -0.7448403835296631 -0.6672428846359253 -0.9278564453125
      0.0 0.0 0.0 1.0
    }

  }

  *bone
  {
    *name
    {
      knee.r
    }

    *length
    {
      0.1503864572616345
    }

    *parent
    {
      ik-leg.r
    }

    *local_matrix
    {
      -1.0 3.109038004822651e-08 1.5099583094979607e-07 -0.16647881269454956
      -2.662410736320453e-08 -0.9995652437210083 0.029488980770111084 -0.37356844544410706
      1.5184706114723667e-07 0.02948927879333496 0.9995652437210083 -0.50105220079422
      0.0 0.0 0.0 1.0
    }

  }

  *bone
  {
    *name
    {
      ik-head
    }

    *length
    {
      0.1966402375771754
    }

    *parent
    {
      root
    }

    *local_matrix
    {
      -1.0 -6.6489036498751375e-12 1.2735617360704055e-07 2.4905375539674424e-09
      -1.3061812742520829e-09 0.9999479651451111 -0.010203933343291283 0.0021781176328659058
      -1.2734943766190554e-07 -0.010203933343291283 -0.9999479651451111 0.8895708322525024
      0.0 0.0 0.0 1.0
    }

  }

  *bone
  {
    *name
    {
      neck_control
    }

    *length
    {
      0.18628390770201614
    }

    *parent
    {
      ik-head
    }

    *local_matrix
    {
      1.0 -7.564646686830656e-10 4.5278392235559295e-07 -7.217185071795029e-09
      -1.0625664792485168e-08 -0.9997622966766357 0.02179710939526558 -0.3117668032646179
      4.526598331722198e-07 -0.02179710753262043 -0.9997624158859253 0.5874654054641724
      0.0 0.0 0.0 1.0
    }

  }

  *bone
  {
    *name
    {
      ik-palm.l
    }

    *length
    {
      0.10492158235559844
    }

    *parent
    {
      root
    }

    *local_matrix
    {
      -0.3806608021259308 -0.9218929409980774 0.07218580693006516 0.6665637493133545
      -0.4281576871871948 0.10652323067188263 -0.8974040746688843 -0.04641912877559662
      0.8196208477020264 -0.37251338362693787 -0.4352647662162781 0.025569796562194824
      0.0 0.0 0.0 1.0
    }

  }

  *bone
  {
    *name
    {
      palm-control.l
    }

    *length
    {
      0.1503864102345807
    }

    *parent
    {
      ik-palm.l
    }

    *local_matrix
    {
      -1.0 4.470348358154297e-07 -1.7508864402770996e-07 0.6574889421463013
      -4.544854164123535e-07 -0.9995651841163635 0.029488801956176758 -0.5474018454551697
      -3.725290298461914e-08 0.029488742351531982 0.999565064907074 0.06326612830162048
      0.0 0.0 0.0 1.0
    }

  }

  *bone
  {
    *name
    {
      ik-palm.r
    }

    *length
    {
      0.10492149359188103
    }

    *parent
    {
      root
    }

    *local_matrix
    {
      -0.38066115975379944 0.9218928813934326 -0.07218579202890396 -0.6665637493133545
      0.42815762758255005 0.10652339458465576 -0.8974039554595947 -0.046419136226177216
      -0.8196207284927368 -0.3725137412548065 -0.4352647662162781 0.025569796562194824
      0.0 0.0 0.0 1.0
    }

  }

  *bone
  {
    *name
    {
      palm-control.r
    }

    *length
    {
      0.1503864102345807
    }

    *parent
    {
      ik-palm.r
    }

    *local_matrix
    {
      -1.0000001192092896 -2.384185791015625e-07 4.842877388000488e-08 -0.6574888825416565
      2.4586915969848633e-07 -0.999565064907074 0.02948877215385437 -0.5474018454551697
      3.725290298461914e-08 0.029488712549209595 0.9995651245117188 0.06326614320278168
      0.0 0.0 0.0 1.0
    }

  }

}

