STATICMESHTEXT
Plane
{
  *world_matrix
  {
    0.9958043694496155 -0.05032063648104668 -0.07642907649278641 0.0
    0.05089329555630684 0.9986885786056519 0.0055622500367462635 0.0
    0.07604894787073135 -0.009428665041923523 0.9970594644546509 0.0
    0.0 0.0 0.0 1.0
  }

  *vertex_position
  {
    0 7.144876480102539 -7.144876480102539 0.0
    1 -7.144876480102539 -7.144876480102539 0.0
    2 7.144876480102539 7.144876480102539 0.0
    3 -7.144876480102539 7.144876480102539 0.0
  }

  *normals
  {
    0 0.0 0.0 1.0
    1 0.0 0.0 1.0
    2 0.0 0.0 1.0
    3 0.0 0.0 1.0
  }

  *faces
  {
    0 1 0 2
    1 3 1 2
  }

}

